5,5
5,4
5,3
5,2
5,1
5,0
4,3
4,1
4,0
2,16
2,15
2,14
2,13
2,12
2,11
2,10
2,9
2,8
2,7
2,6
2,5
2,4
2,3
2,2
2,1
2,0
1,3
1,1
1,0
0,511
0,510
0,509
0,508
0,507
0,506
0,505
0,504
0,503
0,502
0,501
0,500
0,499
0,498
0,497
0,496
0,495
0,494
0,493
0,492
0,491
0,490
0,489
0,488
0,487
0,486
0,485
0,484
0,483
0,482
0,481
0,480
0,479
0,478
0,477
0,476
0,475
0,474
0,473
0,472
0,471
0,470
0,469
0,468
0,467
0,466
0,465
0,464
0,463
0,462
0,461
0,460
0,459
0,458
0,457
0,456
0,455
0,454
0,453
0,452
0,451
0,450
0,449
0,448
0,447
0,446
0,443
0,442
0,441
0,440
0,439
0,408
0,322
0,243
0,9
0,310
0,305
0,445
0,308
0,304
0,303
0,302
0,307
0,12
0,438
0,10
0,8
0,0
0,431
0,300
0,430
0,299
0,429
0,298
0,428
0,297
0,427
0,296
0,426
0,295
0,425
0,294
0,424
0,293
0,423
0,292
0,422
0,291
0,421
0,290
0,420
0,289
0,419
0,288
0,418
0,287
0,417
0,286
0,416
0,285
0,415
0,284
0,414
0,283
0,413
0,282
0,412
0,281
0,411
0,280
0,410
0,279
0,409
0,278
0,407
0,277
0,406
0,276
0,405
0,275
0,404
0,274
0,403
0,273
5,6
6,0
6,2
6,3
7,1
7,2
7,4
8,1
8,2
9,0
9,1
9,3
10,1
10,2
11,0
11,1
11,3
12,0
12,2
12,4
12,5
12,7
12,8
12,10
13,1
13,2
14,0
14,1
14,3
15,0
15,2
16,0
16,1
16,3
16,4
16,6
16,8
16,9
17,0
17,1
17,3
18,0
18,2
18,4
18,5
19,1
19,2
20,0
20,2
20,3
20,5
21,0
21,2
22,0
22,1
22,3
23,0
23,2
23,3
24,1
24,3
25,0
25,2
25,3
26,1
26,3
27,0
27,2
27,3
28,1
28,2
29,0
29,2
29,3
29,5
29,6
29,8
29,10
29,11
30,0
30,1
30,3
31,0
31,2
32,0
32,1
32,3
33,0
33,2
34,0
34,1
34,3
34,4
34,6
34,8
34,9
34,11
35,0
35,2
35,3
36,1
36,3
37,0
37,2
37,3
37,5
37,7
37,8
38,1
38,2
38,4
39,0
39,2
40,0
40,1
40,3
40,4
40,6
40,8
40,9
41,1
41,2
42,0
42,1
42,3
43,1
43,2
44,0
44,1
44,3
45,0
45,1
45,3
46,0
46,2
46,3
46,5
47,0
47,1
47,3
48,0
48,2
48,4
49,0
49,2
49,3
50,1
50,3
50,4
51,1
51,2
51,4
52,0
52,2
53,0
53,1
53,3
54,0
54,2
54,4
54,5
54,7
54,8
55,0
55,1
55,3
55,5
55,6
56,0
56,1
56,3
56,5
57,0
57,2
57,3
58,1
58,2
59,0
59,2
59,3
60,1
60,2
61,0
61,2
61,3
62,1
62,2
62,4
62,6
62,7
63,1
63,2
64,0
64,1
64,3
65,1
65,2
66,0
66,1
66,3
67,1
67,2
68,0
68,1
68,3
69,0
69,2
70,0
70,1
70,3
70,4
70,6
70,8
70,9
71,0
71,1
71,3
71,4
71,6
71,8
71,9
72,0
72,1
72,3
72,5
72,6
72,8
72,9
73,0
73,1
73,3
73,5
73,6
73,8
73,9
74,0
74,2
74,3
74,5
74,6
74,8
74,10
75,0
75,2
75,3
75,5
75,6
75,8
75,10
76,0
76,2
76,3
77,1
77,3
78,0
78,2
78,3
78,5
78,6
79,0
79,2
79,3
80,1
80,2
81,0
81,2
81,3
82,1
82,2
83,0
83,1
83,3
84,1
84,2
85,0
85,1
85,3
86,1
86,2
87,0
87,1
87,3
88,1
88,2
89,0
89,1
89,3
90,0
90,2
91,0
91,1
91,3
91,4
91,6
91,8
91,9
92,0
92,1
92,3
92,4
92,6
92,8
92,9
92,11
92,12
93,0
93,2
93,3
93,5
93,6
93,8
93,9
94,1
94,3
95,0
95,2
95,3
96,1
96,3
97,0
97,2
97,3
97,5
97,7
97,8
97,10
98,0
98,2
98,3
99,1
99,3
100,0
100,2
100,3
100,5
101,0
101,1
101,3
102,0
102,2
102,3
103,1
103,3
104,0
104,2
104,3
105,1
105,3
106,0
106,2
106,3
107,1
107,2
108,0
108,2
108,3
109,1
109,2
110,0
110,2
110,3
111,1
111,2
112,0
112,1
112,3
113,1
113,2
114,0
114,1
114,3
114,5
114,6
115,0
115,1
115,3
116,1
116,2
116,3
116,0
115,2
114,7
114,4
114,2
113,3
113,0
112,2
111,3
111,0
110,1
109,3
109,0
108,1
107,3
107,0
106,1
105,2
105,0
104,1
103,2
103,0
102,1
101,2
100,6
100,4
100,1
99,2
99,0
98,1
97,9
97,6
97,4
97,1
96,2
96,0
95,1
94,2
94,0
93,7
93,4
93,1
92,13
92,10
92,7
92,5
92,2
91,10
91,7
91,5
91,2
90,3
90,1
89,2
88,3
88,0
87,2
86,3
86,0
85,2
84,3
84,0
83,2
82,3
82,0
81,1
80,3
80,0
79,1
78,7
78,4
78,1
77,2
77,0
76,1
75,9
75,7
75,4
75,1
74,9
74,7
74,4
74,1
73,10
73,7
73,4
73,2
72,10
72,7
72,4
72,2
71,10
71,7
71,5
71,2
70,10
70,7
70,5
70,2
69,3
69,1
68,2
67,3
67,0
66,2
65,3
65,0
64,2
63,3
63,0
62,5
62,3
62,0
61,1
60,3
60,0
59,1
58,3
58,0
57,1
56,4
56,2
55,7
55,4
55,2
54,9
54,6
54,3
54,1
53,2
52,3
52,1
51,3
51,0
50,2
50,0
49,1
48,3
48,1
47,2
46,6
46,4
46,1
45,2
44,4
44,2
43,3
43,0
42,2
41,3
41,0
40,7
40,5
40,2
39,3
39,1
38,3
38,0
37,6
37,4
37,1
36,2
36,0
35,1
34,10
34,7
34,5
34,2
33,3
33,1
32,2
31,3
31,1
30,2
29,12
29,9
29,7
29,4
29,1
28,3
28,0
27,1
26,2
26,0
25,1
24,2
24,0
23,1
22,2
21,3
21,1
20,4
20,1
19,3
19,0
18,3
18,1
17,2
16,10
16,7
16,5
16,2
15,3
15,1
14,2
13,3
13,0
12,9
12,6
12,3
12,1
11,2
10,3
10,0
9,2
8,3
8,0
7,3
7,0
6,1
0,402
0,272
0,401
0,271
0,400
0,270
0,399
0,269
0,398
0,268
0,397
0,267
0,396
0,266
0,395
0,265
0,394
0,264
0,393
0,263
0,392
0,262
0,391
0,261
0,390
0,260
0,389
0,259
0,388
0,258
0,437
0,257
0,387
0,256
0,386
0,255
0,385
0,254
0,384
0,253
0,383
0,252
0,382
0,251
0,381
0,250
0,380
0,249
0,379
0,248
0,378
0,247
0,377
0,246
0,376
0,245
0,375
0,244
0,374
0,242
0,373
0,241
0,436
0,240
0,372
0,239
0,371
0,238
0,370
0,237
0,369
0,236
0,435
0,235
0,368
0,234
0,367
0,233
0,366
0,232
0,365
0,231
0,364
0,230
0,363
0,229
0,362
0,228
0,361
0,227
0,360
0,226
0,359
0,225
0,358
0,224
0,357
0,223
0,356
0,222
0,355
0,221
0,354
0,220
0,353
0,219
0,352
0,218
0,351
0,217
0,350
0,216
0,349
0,215
0,348
0,214
0,347
0,213
0,346
0,212
0,345
0,211
0,344
0,210
0,343
0,209
0,434
0,208
0,342
0,207
0,341
0,206
0,340
0,205
0,339
0,204
0,338
0,203
0,337
0,202
0,336
0,201
0,433
0,200
0,335
0,199
0,334
0,198
0,333
0,197
0,332
0,196
0,432
0,195
0,331
0,194
0,330
0,193
0,329
0,192
0,328
0,63
0,327
0,62
0,326
0,61
0,325
0,60
0,324
0,59
0,323
0,58
0,321
0,57
0,320
0,56
0,319
0,55
0,318
0,54
0,317
0,53
0,316
0,52
0,315
0,51
0,314
0,50
0,313
0,49
0,312
0,48
0,311
0,47
0,309
0,46
0,306
0,45
0,301
0,6
0,5
0,1
0,444
0,11
0,4
0,2
0,3
0,7
